time,x,y,z,phi,theta,psi,x_velocity,y_velocity,z_velocity,phi_velocity,theta_velocity,psi_velocity,rotor_speed1,rotor_speed2,rotor_speed3,rotor_speed4
0.06,7.893426819e-08,1.15116903693e-08,10.0054990971,6.28279355046,6.28306757398,0.0,8.99509783602e-06,-1.62229622029e-05,0.183290861365,-0.0246529021582,-0.00620815407306,0.0,463.7635470529189,463.2757955579185,462.5965404225859,460.6516106919343
0.12000000000000001,5.36793451345e-06,-1.76914758835e-05,10.024397111,6.28082332251,6.28271806788,0.0,0.000212835033505,-0.000779015483311,0.446576716215,-0.0590737522767,-0.0050697606535,0.0,486.2167083920845,486.30207520807545,487.0657811283437,484.4845585949022
0.18,3.02109970589e-05,-0.00013551409003,10.0570516167,6.27702119211,6.28262569544,0.0,0.000637317006721,-0.00357255492078,0.641815590045,-0.073749080213,0.00472235337507,0.0,466.2349777311325,466.99931887804564,466.71623435011037,465.56680618960866
0.23999999999999996,7.99616170183e-05,-0.000507581585655,10.1004982385,6.27268239242,6.28283819324,0.0,0.000993203526295,-0.00931763017474,0.80629941885,-0.0695876649473,0.00106879214349,0.0,457.52970121444616,457.23870021446714,457.16540663072334,457.4929311230593
0.3,0.000145519727722,-0.00128229939399,10.1503496477,6.26860074461,0.000132300648804,0.0,0.00116381710084,-0.0168957289224,0.855373778131,-0.0650780885131,0.0191185175085,0.0,420.90967898526213,422.46858409088196,420.3651528427999,420.7519185320172
0.36000000000000004,0.000208744090801,-0.00258777198075,10.2030864402,6.26495365252,0.000872893851204,0.0,0.000849500413237,-0.0269739846214,0.902477208945,-0.0533485216329,-0.00680946359649,0.0,421.781566318181,419.5365722425048,419.96809436895467,420.9812083112905
0.4200000000000001,0.000243112153737,-0.00459999659708,10.2604884513,6.26155966706,0.000164100893649,0.0,0.000351197655233,-0.040437971529,1.01082644436,-0.063932867445,-0.0243986282676,0.0,441.5618871851166,440.10874896322275,440.44655933189796,439.56816379158516
0.48000000000000015,0.00026631894292,-0.00756913707331,10.3277969474,6.25802341843,6.2822385337,0.0,0.00057445697152,-0.0589692832426,1.23256694845,-0.0504626442461,-0.00878006412628,0.0,474.3949911606134,475.592668509655,474.5967308456173,475.6271172731411
0.5400000000000001,0.000319514442394,-0.0115723847189,10.4021734286,6.25514733269,6.2818995771,0.0,0.00123680084499,-0.074735208615,1.24662629522,-0.0433072854463,-2.60972529947e-05,0.0,409.1934343053209,409.9719911645977,410.8073624924498,411.4396647412136
0.6000000000000002,0.000423801286433,-0.0167249222053,10.482741576,6.25253230058,6.28147733315,0.0,0.00225651501198,-0.0973113227257,1.43874698425,-0.0441426878985,-0.0272251989931,0.0,468.7499301857691,466.63178370602975,466.0294071860777,465.96314300565416
0.6600000000000003,0.000604213415231,-0.0232625318014,10.5738371741,6.24977293066,6.2799380361,0.0,0.00393230714607,-0.120901781931,1.59755337523,-0.0499643199056,-0.0226865260599,0.0,456.91293012062266,457.2744874405416,457.7764106033061,457.3117848294598
0.7200000000000003,0.000918654046821,-0.0312752050887,10.6744256829,6.24819480085,6.27838066794,0.0,0.00670853281868,-0.14640974724,1.75515817931,0.00011549725081,-0.0334619282031,0.0,457.61943125917696,456.7608375441212,455.66340708036927,459.64854233229823
0.7800000000000004,0.00142421924889,-0.0407638827007,10.7821809266,6.24807861182,6.27716236041,0.0,0.010295045733,-0.169880790781,1.83655342679,-0.00639385912717,-0.00215934094458,0.0,432.44977191409964,435.0781927114987,434.78983134207107,434.2442108919487
0.8400000000000004,0.00216080856961,-0.0516506934162,10.8944201686,6.24736560443,6.27735640286,0.0,0.014252423314,-0.193060001921,1.90464012854,-0.0260976483684,0.0122831843808,0.0,429.56144561015566,430.78431400937046,430.9442498576005,429.27568429657634
0.9000000000000005,0.00312698117816,-0.0639392669293,11.0105391346,6.24590025411,6.27814542425,0.0,0.0178791754946,-0.21670198087,1.96588170054,-0.0212670854349,0.014830578173,0.0,428.5484494352076,428.7648015559465,427.49540366394046,427.90668076397884
0.9600000000000005,0.00429395641428,-0.077669950568,11.130224908,6.24485810366,6.27939014658,0.0,0.020915277318,-0.241094868286,2.0235378388,-0.0105338553827,0.0305221529085,0.0,427.1265662480426,428.46264635954327,426.25680465448403,427.17305188214596
1.0200000000000005,0.00560997830562,-0.0928195113396,11.2517318661,6.24434594005,6.2815291553,0.0,0.0227765038259,-0.263941611801,2.02668536729,-0.00481315008085,0.0443180076683,0.0,408.8544856985255,410.08239064574803,408.96309525559303,409.4724154375372
1.0800000000000005,0.00700173756852,-0.109508918195,11.3775551564,6.24399183117,0.00127511093961,0.0,0.0233117139045,-0.2923982238,2.16716475998,-0.00817332563303,0.0566558316344,0.0,453.74255094369414,454.7333019708927,453.2798021606244,453.00980358867406
1.1400000000000006,0.00835453868002,-0.12800209227,11.5140494091,6.24396454138,0.00453126205797,0.0,0.0213855153875,-0.324052984075,2.38221550344,0.0116938393355,0.0490108014993,0.0,476.5621713297851,475.9792178871338,476.1159184197509,477.6334455074848
1.2000000000000006,0.00952525199642,-0.148313104632,11.6614568212,6.24469938859,0.00712736668778,0.0,0.0173333292264,-0.352892091303,2.53104602938,0.0133322952379,0.0281669879908,0.0,457.9596352349779,456.29966823927947,458.21004076431797,458.3401453332056
1.2600000000000007,0.0104059091388,-0.170309942986,11.8170523629,6.24526166817,0.00884320326068,0.0,0.0118441228671,-0.380254066893,2.65519068055,-4.11488893171e-05,0.0294441233669,0.0,451.3638324727482,451.46710220210355,450.7255175250534,449.6433169367326
1.3200000000000007,0.01096382656,-0.193757663412,11.975300199,6.24470812909,0.0100640609646,0.0,0.00661783621503,-0.401352379869,2.61981567249,-0.0429028425814,-0.0125160608119,0.0,401.00619805458535,397.1763791390269,401.021696791959,397.1091680482047
1.3800000000000008,0.0111479911512,-0.218676934389,12.1362460614,6.2423396923,0.00946689225104,0.0,-0.000405152227688,-0.42954077158,2.74473973367,-0.0333744012061,-0.00526450502912,0.0,450.75964370760664,451.34538848026153,451.5406362353598,452.3078722300709
1.4400000000000008,0.0109359224341,-0.245274406448,12.3031758006,6.24025812025,0.00945009232605,0.0,-0.00664711482318,-0.457236814386,2.81939016659,-0.0374689133682,0.00818274704004,0.0,436.37811107360784,437.4991940411141,435.92505497890244,435.58223695753566
1.5000000000000009,0.0102999979336,-0.273786241249,12.4794323312,6.23838294326,0.0104251132214,0.0,-0.0146383955796,-0.49338287706,3.05520809592,-0.0210653639365,0.0288318532107,0.0,484.98455273014974,486.53290427846076,484.71797476513507,485.94882985799563
1.560000000000001,0.00918859883155,-0.304368711867,12.666722041,6.23771231663,0.0124726651521,0.0,-0.0226078861399,-0.526117567724,3.18740983293,0.00354983533126,0.0430316651611,0.0,455.64612347381706,456.7803675774372,454.97601441126534,456.94263077194563
1.620000000000001,0.00763688791657,-0.336626259608,12.8553618722,6.237771702,0.0151361571161,0.0,-0.0293143467662,-0.549138423501,3.10081979736,-0.00469763265827,0.0469805045663,0.0,384.20469683762013,384.5803832698146,384.3831548894451,383.60071578102486
1.680000000000001,0.00556825758233,-0.370480794371,13.0435180427,6.23736573899,0.017826696287,0.0,-0.0399062734387,-0.579374414181,3.17084944816,-0.0112621236746,0.0401821994306,0.0,436.5363192627629,435.9698446845694,437.89693352140944,437.35061370078563
1.740000000000001,0.00281533393648,-0.406150537317,13.2357000311,6.23754630038,0.0197649378385,0.0,-0.0520733563059,-0.60962799074,3.23502689845,0.0222143212058,0.00782815663584,0.0,436.07596970877336,433.36520335284524,434.88731818903335,437.68244556140877
1.8000000000000012,-0.000719439649183,-0.443674492914,13.4327857582,6.23910172094,0.0203455512642,0.0,-0.0658004438305,-0.641015418826,3.33421445166,0.0324657055145,0.0131393155992,0.0,446.3428333729784,446.7759655297649,446.9867419245656,447.82153615329304
1.8600000000000012,-0.00505684753169,-0.482975889913,13.6341653864,6.24131600439,0.0208776199353,0.0,-0.0788407262255,-0.668835869389,3.37831558375,0.0445616131643,-0.00144881099487,0.0,430.83775199326965,429.6024257565626,429.34266636530765,430.36840663590397
1.9200000000000013,-0.0102313771847,-0.523998003922,13.8404719102,6.24368056443,0.0207832531178,0.0,-0.0936265925264,-0.698293011353,3.49821815802,0.0263412914866,-0.00182189886096,0.0,453.5759344793798,453.54600385958287,455.66865624749437,454.21042943086167
1.9800000000000013,-0.0162091295244,-0.566588506088,14.0500394169,6.24528670749,0.0204709096349,0.0,-0.105615456139,-0.72126191534,3.4874034716,0.0276110084517,-0.013018337227,0.0,413.50483367284744,412.5173525956151,412.7230716610477,412.8353473628907
2.0400000000000014,-0.0230039265594,-0.610725001221,14.2641339585,6.24701480005,0.0194400134175,0.0,-0.120768988875,-0.749754614267,3.64858630669,0.0310818517708,-0.027178466906,0.0,468.07380063153437,466.9705543592762,467.1711165008699,467.4418706473438
2.1000000000000014,-0.0306682920722,-0.656508429617,14.4872237445,6.24896188186,0.0177254002174,0.0,-0.134521547253,-0.776145451107,3.78729938836,0.0350581194421,-0.0315311457871,0.0,462.05929495747984,461.71580846394846,461.2904060345991,461.6046602333189
2.1600000000000015,-0.0391481738323,-0.703888832223,14.7202943125,6.25153322403,0.0157527877513,0.0,-0.147906571458,-0.802912516014,3.98107706925,0.0550999286674,-0.0357135600408,0.0,479.4106939087304,479.09245020322294,477.83263993969547,479.3589582766192
2.2200000000000015,-0.0483655972535,-0.752774158866,14.9637789164,6.25491154433,0.0130836628584,0.0,-0.159082736528,-0.826223441507,4.13455242113,0.058612398161,-0.0746616584244,0.0,469.9476480400507,466.9172830017971,468.05828228419364,468.3335578638974
2.2800000000000016,-0.058145640024,-0.802897182615,15.2133335089,6.25813855918,0.00849313768474,0.0,-0.166489462624,-0.844227630646,4.18377672825,0.0417648935282,-0.0804830554665,0.0,437.3870260295844,436.8971387549299,437.97737643601704,436.5757020517378
2.3400000000000016,-0.0682741244956,-0.854019844802,15.4648834083,6.26110319694,0.00385430507039,0.0,-0.170703117682,-0.859619420965,4.20117346582,0.0614638860811,-0.0716319178624,0.0,426.5666036358522,427.3168082287657,426.7369741435967,428.41692955675336
2.4000000000000017,-0.0785769559509,-0.90603797684,15.7188080917,6.26545473789,6.2826063892,0.0,-0.172305191342,-0.873930344905,4.26277679369,0.0885333235225,-0.0788258739584,0.0,442.6593512536969,442.0625938869692,439.6842913565984,441.9253362820938
2.4600000000000017,-0.0888853237612,-0.958858677134,15.9783406236,6.27028455778,6.27771884088,0.0,-0.170801665273,-0.886217140641,4.38786120349,0.0551511493177,-0.0873238901116,0.0,461.62373945713557,460.94747402114524,463.35319035923516,460.7257411301644
2.520000000000002,-0.0990099704579,-1.01229932206,16.2434727931,6.27399395226,6.27298521697,0.0,-0.166212804451,-0.894802435836,4.44965461804,0.0726193628039,-0.0658758050718,0.0,441.94875383782306,443.70800776930497,442.5294683223254,443.9678612324311
2.580000000000002,-0.108797279496,-1.06616066387,16.5099522149,6.27889015163,6.26934618662,0.0,-0.159710486825,-0.900189747186,4.43307577023,0.0952818836795,-0.0518447558631,0.0,417.5545443036913,418.7740064788523,416.9668752525004,418.9479132617667
2.640000000000002,-0.118111784833,-1.12026487175,16.7770951475,0.00111534548181,6.2671051203,0.0,-0.150535497458,-0.902774094557,4.47155856881,0.0772645222146,-0.0179459560897,0.0,434.04520995484074,436.88019455505895,437.1129623692192,435.6155827953765
2.700000000000002,-0.126858212057,-1.17443009023,17.0454326595,0.00570864878852,6.26652193833,0.0,-0.140942027712,-0.902337284457,4.4730345545,0.0750978551816,0.00305676733051,0.0,423.24769438534906,425.05174327037554,424.27201422812044,424.0908665424792
2.760000000000002,-0.135011576744,-1.22848538657,17.3145061575,0.0102527641995,6.2668991377,0.0,-0.130863098031,-0.89910304544,4.49600598721,0.0769798136687,0.0120697167115,0.0,430.2408986820473,431.00330735729614,431.65112130748423,431.81462563356337
2.820000000000002,-0.142547028504,-1.28224906758,17.5863225988,0.0148019405315,6.26707309376,0.0,-0.120380235237,-0.892582311551,4.56428506622,0.073393393945,-0.0306520160014,0.0,448.0341299542133,444.5467634729398,445.44340760585584,445.1545075045844
2.880000000000002,-0.1494835476,-1.33556819746,17.8600092232,0.0194592670606,6.26489794866,0.0,-0.110665915429,-0.884334099734,4.55863433028,0.0849600331469,-0.0508494123839,0.0,423.1228769380089,421.3794961814428,422.3061101928197,423.30783418151776
2.940000000000002,-0.155868300835,-1.38838882422,18.1294862518,0.0246855763875,6.26196240014,0.0,-0.101947423962,-0.875999064956,4.42447087789,0.0910804199972,-0.0453334474246,0.0,375.9645662809263,376.4967433822462,378.4704695786764,379.0668724423515
3.000000000000002,-0.161556462255,-1.44047832552,18.3971385184,0.0298214501696,6.26002903536,0.0,-0.0874434839216,-0.859806311161,4.49699257841,0.0714205853957,-0.0141231972089,0.0,445.2056959358341,447.7517042902692,447.31973949351595,445.7215941655041
3.0600000000000023,-0.1663858814,-1.49155648105,18.6672709877,0.0337981433205,6.25861374185,0.0,-0.0734523715632,-0.842431542329,4.50738326111,0.0532471670817,-0.060222753191,0.0,429.78882323606786,425.862789208103,427.33212059968247,425.7833596652296
3.1200000000000023,-0.170345273719,-1.54153073916,18.937834352,0.037033682996,6.25490089429,0.0,-0.0582060440477,-0.823093441569,4.51137336161,0.0552487436771,-0.0654204021598,0.0,425.3400759315904,424.8917025070853,425.17327274096215,425.3468119192058
3.1800000000000024,-0.173260009696,-1.5902035148,19.2108388217,0.0401955649683,6.25181454539,0.0,-0.0386233063325,-0.799021640085,4.588460224,0.0470366751656,-0.0325106486483,0.0,448.4593739828467,451.1228547872837,447.86924652445384,447.2025407484274
3.2400000000000024,-0.174880593274,-1.63728859976,19.4904656703,0.0428020455719,6.24947400994,0.0,-0.0151864214053,-0.770205416429,4.73184431531,0.035057035351,-0.0569981180274,0.0,471.0386995485739,469.1401966292112,469.455795182057,468.5261677604261
3.3000000000000025,-0.17496856846,-1.68250304025,19.7806923798,0.0446235931486,6.24569843589,0.0,0.0126448634818,-0.736740787212,4.94148320589,0.0187487497711,-0.078700630837,0.0,491.08188751903504,489.4666326826846,490.467298870036,489.254674532194
3.3600000000000025,-0.173489082719,-1.72590105151,20.0783200893,0.0457733866741,6.24108753989,0.0,0.0370981257003,-0.709754720616,4.97925547699,0.0199794905244,-0.0733814226939,0.0,440.17365300310695,440.6089410685977,439.7218915902706,439.82380715927627
3.4200000000000026,-0.170444056993,-1.76764277172,20.3785141692,0.0467243598797,6.23712254971,0.0,0.0647858991187,-0.681535937514,5.0269822095,0.00594981108189,-0.0544725614585,0.0,443.13005592597534,444.6785327500713,443.94457578243987,442.7916647074345
3.4800000000000026,-0.165722645434,-1.80773170912,20.6803498084,0.0468846581204,6.2341607503,0.0,0.0928672301996,-0.654731634707,5.03415217106,-0.00485874994004,-0.0407234063843,0.0,431.23394224957184,432.3923065344915,430.882840906579,429.9679382940261
3.5400000000000027,-0.159048406405,-1.8460041237,20.9869942483,0.0468980611431,6.2316271137,0.0,0.1298474333,-0.621052278365,5.18663046068,0.00882743518859,-0.0454177904619,0.0,476.6223409200549,476.2625443562828,475.40417425804964,476.45182514391814
3.6000000000000028,-0.150106930919,-1.8822589817,21.302609877,0.0474168053777,6.22909453642,0.0,0.168452919546,-0.58741033381,5.33319504443,0.0082798345185,-0.0364631639907,0.0,474.9276682118308,475.6132208387826,476.41998620900483,476.3779837543738
3.660000000000003,-0.138987230651,-1.91664972051,21.6234981811,0.0479250938685,6.22709052032,0.0,0.20238811333,-0.558901119174,5.36291924745,0.00885203416091,-0.0278883786829,0.0,440.2122449214407,440.9208703983903,442.3730514101463,442.42005441266605
3.720000000000003,-0.125712295107,-1.94924811799,21.9476403801,0.048327816355,6.22530776232,0.0,0.24025963131,-0.52767640022,5.44142723087,0.00204585202898,-0.0336357640231,0.0,457.7687410114289,457.31084534691934,456.88459682105963,456.3414386469257
3.780000000000003,-0.110306240017,-1.98011261473,22.2734361757,0.0484991558037,6.22320695992,0.0,0.273454307367,-0.501115367555,5.41851533892,0.00442808202289,-0.0379209862606,0.0,425.536776213914,425.16913876802374,425.7899781258014,425.9937119148916
3.840000000000003,-0.0928828795491,-2.0093872793,22.5976766119,0.048662412884,6.22110902371,0.0,0.307513169736,-0.474675427631,5.38960794965,-0.000933067823328,-0.0296290353718,0.0,423.9153810852819,424.62683352153164,422.87556722835797,422.4133656504733
3.900000000000003,-0.0735175496337,-2.03717751688,22.9180185858,0.0484989456889,6.21964158314,0.0,0.338142706523,-0.451643586474,5.28890379233,-0.00657248588323,-0.0157259975727,0.0,397.3849021273861,398.6573653866921,399.55670928665796,399.0421934161341
3.960000000000003,-0.0518833923621,-2.06327513778,23.2387591067,0.0476465690102,6.21842997646,0.0,0.383070862462,-0.418351798197,5.40189717012,-0.0373840499346,-0.0310961040074,0.0,468.4237559541312,467.22682338986493,467.5501907007969,465.1431487552713
4.020000000000002,-0.0275908194634,-2.08744617711,23.5652622805,0.0459104017124,6.21649878121,0.0,0.42684276609,-0.387551955219,5.48113759098,-0.0158919835607,-0.0344615085825,0.0,457.0663938824245,456.7977072336483,458.1198764126195,459.8255813153127
4.080000000000001,-0.00034418363421,-2.10959957325,23.9008170466,0.0459879522727,6.21486927182,0.0,0.481522012165,-0.350975979602,5.70290893469,0.0230350005361,-0.0155383661133,0.0,500.1559569730267,501.5322995956697,498.88636684947045,501.7210142181773
4.14,0.0295690789118,-2.12998417209,24.240221548,0.0474507904397,6.21385495261,0.0,0.515687179699,-0.328381105148,5.61100498207,0.0269442237074,-0.0197896649183,0.0,405.4776672527317,405.0955306496549,405.5158455069902,405.8670716105825
4.199999999999998,0.0619161358197,-2.14873711487,24.5793912173,0.0494094463113,6.21244738696,0.0,0.562644312689,-0.296554039498,5.69420560092,0.042122585187,-0.032050801463,0.0,461.8603082858791,460.89204410493,460.84168524219814,462.04043700424756
4.259999999999997,0.096894090762,-2.16568938734,24.9205022953,0.0516886695315,6.21053421388,0.0,0.603452970127,-0.268310602524,5.67621474132,0.0280734260083,-0.0315591280007,0.0,430.388090335535,430.42930636967657,431.0185163272696,429.83002820961985
4.319999999999996,0.134151422734,-2.181053177,25.2577790018,0.0530685729324,6.20852263367,0.0,0.638632338286,-0.243673649936,5.56684622872,0.0101821299422,-0.0377826441653,0.0,399.60711405053075,399.0386734932908,400.0859612270741,398.45341654312404
4.379999999999995,0.174218249414,-2.19444764031,25.5973770232,0.0538071130763,6.20624018502,0.0,0.69711554511,-0.202776288856,5.75212231357,0.0162553504318,-0.038562083784,0.0,491.95940266241,491.90113514816943,490.6362241537303,491.08684813190166
4.439999999999993,0.21741954023,-2.2056658114,25.9425899271,0.0547480269578,6.20438469896,0.0,0.743100815424,-0.171076525771,5.75491513665,0.0145096513867,-0.0188806410052,0.0,437.8338178171581,439.46811862372795,437.5314613134926,437.3859766613637
4.499999999999992,0.263799350195,-2.21469282694,26.2929154407,0.0553957814908,6.20426483329,0.0,0.802874331997,-0.129781012097,5.9217132792,0.0020811154701,0.0194958439912,0.0,487.2321804731197,490.0933936578962,487.93484679460914,487.00583693475244
4.559999999999991,0.313552399105,-2.22137415759,26.6506311747,0.0558609594435,6.20520138124,0.0,0.85541229991,-0.0929176712314,6.00170665073,0.0171937465152,0.00640877095431,0.0,465.2859772327703,464.25997952588335,462.86610866825214,464.0540504027948
4.6199999999999894,0.366079571013,-2.22608856512,27.008538421,0.0563650247949,6.20506271085,0.0,0.895494975061,-0.0641359982529,5.92889060894,-0.0219601673156,-0.0321258834265,0.0,417.6134640099529,414.2378160218769,418.02798412301536,414.6012833107699
4.679999999999988,0.421293991067,-2.22887753574,27.3655786369,0.0549355095038,6.20403715193,0.0,0.94508734339,-0.0289668768031,5.97218573402,-0.0278434076584,0.00280420988255,0.0,451.69344648400346,454.5021344526779,453.2026393626653,452.72936783210974
4.739999999999987,0.479379831616,-2.22966261595,27.7237617692,0.053695371607,6.20455403793,0.0,0.991066260364,0.00267971002232,5.96725764719,-0.00921356706428,0.0182484212224,0.0,437.9892864401026,439.27205066876064,437.2273339211953,438.7769854442803
4.799999999999986,0.540513026178,-2.22835953047,28.0855004472,0.0534360873329,6.20608909762,0.0,1.04650026915,0.0406836983223,6.09003535647,0.0040069126997,0.0372468072005,0.0,476.8786154684879,478.3279527667019,477.0948949581503,478.10348809657336
4.859999999999984,0.604796005975,-2.22487326851,28.4528284774,0.0537350027984,6.20818815803,0.0,1.09601380638,0.0755357689908,6.1538824981,0.0068640234978,0.0300259220921,0.0,461.69741045571385,461.1277034531748,460.93360619976636,461.15929942725745
4.919999999999983,0.672216641152,-2.21913786726,28.8267837457,0.0544240777609,6.2096432047,0.0,1.15107690955,0.115662510574,6.31042379409,0.0194133486332,0.0090274894287,0.0,489.96284319914025,488.39892950781535,489.1837204958363,490.1173547098454
4.979999999999982,0.742752083393,-2.21109327222,29.2079766708,0.0561273460862,6.21009235577,0.0,1.20000511586,0.152612738063,6.39550209321,0.0420604780146,0.00420898639433,0.0,470.62867181799953,470.2553775143241,468.9691127096588,470.7254504659581
5.0399999999999805,0.815859840072,-2.20106484915,29.5894616399,0.0581880323277,6.21044634373,0.0,1.23691270628,0.181873023329,6.32105194133,0.0107453395138,0.00908354350119,0.0,420.07878916759483,420.50128384127856,422.48063685264566,419.77172603148574
